,"(890, 521)","(343, 196)","(416, 255)","(519, 348)","(744, 512)","(604, 12)","(899, 255)","(893, 38)"
M0,1.97472,1.22824,1.56766,1.37228,1.82558,1.20375,2.525,2.16259
M1,1.65634,1.38275,1.12125,1.8893,2.44442,1.34618,1.70545,1.58571
M2,1.82903,1.16937,1.26516,1.40254,1.83495,1.1989,2.03782,1.69692
M3,1.52071,1.10576,1.15111,1.44858,1.80916,1.06074,2.135,2.21899
M4,1.17641,1.53322,0.8853,1.31489,2.10231,2.04497,1.39892,1.35028
M5,1.66469,1.01534,1.27466,1.54775,1.82708,1.36351,2.30508,2.53718
M6,1.50049,1.42678,1.01117,1.95254,2.39637,1.22034,1.85839,2.04789
M7,1.59002,1.24335,1.4318,2.454,2.57775,2.22654,2.1638,2.53671
M8,1.66214,1.19084,1.40018,1.5219,1.87288,1.27346,2.36947,2.17623
M9,1.741,1.40657,1.11517,1.90937,2.41467,1.11454,1.9764,2.04032
M10,1.65658,1.10155,1.36991,1.4671,1.79029,1.30404,2.27681,2.44728
M11,1.47993,1.34435,0.96986,2.10731,2.51834,1.40509,1.86367,2.27217
F0,1.60065,0.96809,1.31907,1.30956,1.61736,0.99564,2.28685,2.32339
F1,1.55081,1.16207,1.41149,1.69283,2.17915,1.39393,2.05911,1.89125
F2,1.40646,1.30376,1.06492,1.65454,2.14399,1.29234,1.83365,1.96744
F3,1.50758,1.02994,1.13029,1.49082,1.67465,1.27767,2.15305,2.39198
F4,1.81355,1.1262,1.50695,1.51055,1.90759,1.19133,2.50785,2.58446
F5,1.60484,1.23198,1.22097,1.79396,2.17312,1.37359,2.23063,2.2911
F6,1.83654,1.2401,1.23099,1.46905,1.93187,0.9412,1.99236,1.68669
F7,1.77787,1.1108,1.38635,1.39316,1.74559,1.05627,2.4279,2.47471
F8,1.67762,1.00867,1.11884,1.35741,1.78406,0.99426,2.09945,2.20048
F9,1.5055,1.01122,1.30465,1.46749,1.95955,1.13439,2.16037,2.18293
Mean_M,1.62101,1.26234,1.2136,1.69896,2.11782,1.39684,2.05132,2.08936
Mean_F,1.62814,1.11928,1.26945,1.51394,1.91169,1.16506,2.17512,2.19944
